DONE: torch.Size([3, 2, 4])
DONE: torch.Size([3, 2, 2])
mean:  [tensor([[[-0.2032, -0.1270, -0.1415, -0.1257,  0.1272,  0.0957,  0.1440,
          -0.1706,  0.1751, -0.0904],
         [-0.2315, -0.0970, -0.1400, -0.1279,  0.1488,  0.0580,  0.1696,
          -0.1830,  0.1716, -0.0891]],

        [[-0.2577, -0.1208, -0.1549, -0.1397,  0.1904,  0.0637,  0.2100,
          -0.1928,  0.1465, -0.0888],
         [-0.2029, -0.1313, -0.1432, -0.1346,  0.1281,  0.0990,  0.1390,
          -0.1769,  0.1722, -0.0944]],

        [[-0.2210, -0.1091, -0.1405, -0.1293,  0.1408,  0.0728,  0.1590,
          -0.1800,  0.1721, -0.0907],
         [-0.2280, -0.1268, -0.1489, -0.1448,  0.1561,  0.0832,  0.1658,
          -0.1905,  0.1586, -0.0957]]], grad_fn=<ViewBackward0>), tensor([[[ 0.3370,  0.0271, -0.2130, -0.3249,  0.1618, -0.0698, -0.3007,
          -0.4200,  0.4149,  0.0942],
         [ 0.3880,  0.0143, -0.2922, -0.3194,  0.1879, -0.1504, -0.3170,
          -0.3986,  0.3566,  0.0302]],

        [[ 0.4098, -0.0217, -0.2697, -0.3523,  0.1957, -0.0715, -0.3927,
          -0.4441,  0.3849,  0.0249],
         [ 0.3636,  0.0284, -0.2895, -0.2881,  0.1668, -0.1978, -0.2873,
          -0.3825,  0.3346,  0.0472]],

        [[ 0.3420,  0.0391, -0.2599, -0.2805,  0.1543, -0.1912, -0.2714,
          -0.3862,  0.3520,  0.0751],
         [ 0.3252,  0.0364, -0.2110, -0.3137,  0.1579, -0.0987, -0.2752,
          -0.4084,  0.4156,  0.1010]]], grad_fn=<ViewBackward0>)]
([tensor([[[-0.2032, -0.1270, -0.1415, -0.1257,  0.1272,  0.0957,  0.1440,
          -0.1706,  0.1751, -0.0904],
         [-0.2315, -0.0970, -0.1400, -0.1279,  0.1488,  0.0580,  0.1696,
          -0.1830,  0.1716, -0.0891]],

        [[-0.2577, -0.1208, -0.1549, -0.1397,  0.1904,  0.0637,  0.2100,
          -0.1928,  0.1465, -0.0888],
         [-0.2029, -0.1313, -0.1432, -0.1346,  0.1281,  0.0990,  0.1390,
          -0.1769,  0.1722, -0.0944]],

        [[-0.2210, -0.1091, -0.1405, -0.1293,  0.1408,  0.0728,  0.1590,
          -0.1800,  0.1721, -0.0907],
         [-0.2280, -0.1268, -0.1489, -0.1448,  0.1561,  0.0832,  0.1658,
          -0.1905,  0.1586, -0.0957]]], grad_fn=<ViewBackward0>), tensor([[[ 0.3370,  0.0271, -0.2130, -0.3249,  0.1618, -0.0698, -0.3007,
          -0.4200,  0.4149,  0.0942],
         [ 0.3880,  0.0143, -0.2922, -0.3194,  0.1879, -0.1504, -0.3170,
          -0.3986,  0.3566,  0.0302]],

        [[ 0.4098, -0.0217, -0.2697, -0.3523,  0.1957, -0.0715, -0.3927,
          -0.4441,  0.3849,  0.0249],
         [ 0.3636,  0.0284, -0.2895, -0.2881,  0.1668, -0.1978, -0.2873,
          -0.3825,  0.3346,  0.0472]],

        [[ 0.3420,  0.0391, -0.2599, -0.2805,  0.1543, -0.1912, -0.2714,
          -0.3862,  0.3520,  0.0751],
         [ 0.3252,  0.0364, -0.2110, -0.3137,  0.1579, -0.0987, -0.2752,
          -0.4084,  0.4156,  0.1010]]], grad_fn=<ViewBackward0>)], [tensor([[[-0.2032, -0.1270, -0.1415, -0.1257,  0.1272,  0.0957,  0.1440,
          -0.1706,  0.1751, -0.0904],
         [-0.2315, -0.0970, -0.1400, -0.1279,  0.1488,  0.0580,  0.1696,
          -0.1830,  0.1716, -0.0891]],

        [[-0.2577, -0.1208, -0.1549, -0.1397,  0.1904,  0.0637,  0.2100,
          -0.1928,  0.1465, -0.0888],
         [-0.2029, -0.1313, -0.1432, -0.1346,  0.1281,  0.0990,  0.1390,
          -0.1769,  0.1722, -0.0944]],

        [[-0.2210, -0.1091, -0.1405, -0.1293,  0.1408,  0.0728,  0.1590,
          -0.1800,  0.1721, -0.0907],
         [-0.2280, -0.1268, -0.1489, -0.1448,  0.1561,  0.0832,  0.1658,
          -0.1905,  0.1586, -0.0957]]], grad_fn=<ViewBackward0>), tensor([[[ 0.3370,  0.0271, -0.2130, -0.3249,  0.1618, -0.0698, -0.3007,
          -0.4200,  0.4149,  0.0942],
         [ 0.3880,  0.0143, -0.2922, -0.3194,  0.1879, -0.1504, -0.3170,
          -0.3986,  0.3566,  0.0302]],

        [[ 0.4098, -0.0217, -0.2697, -0.3523,  0.1957, -0.0715, -0.3927,
          -0.4441,  0.3849,  0.0249],
         [ 0.3636,  0.0284, -0.2895, -0.2881,  0.1668, -0.1978, -0.2873,
          -0.3825,  0.3346,  0.0472]],

        [[ 0.3420,  0.0391, -0.2599, -0.2805,  0.1543, -0.1912, -0.2714,
          -0.3862,  0.3520,  0.0751],
         [ 0.3252,  0.0364, -0.2110, -0.3137,  0.1579, -0.0987, -0.2752,
          -0.4084,  0.4156,  0.1010]]], grad_fn=<ViewBackward0>)], [tensor([[[ 0.1943,  1.1518,  0.2979,  1.9019, -0.3763,  0.2896,  0.8832,
          -0.6965, -1.7302,  0.9308],
         [-0.9207,  0.2158, -0.1474,  0.6433,  0.7600,  1.7261,  1.1306,
          -1.5748,  0.8511,  0.4930]],

        [[-1.1748,  0.0755, -0.2281, -0.6350,  0.4031, -0.5737, -1.8299,
          -0.2765,  0.8952,  0.0166],
         [ 1.0362, -0.6055,  0.1159,  0.4342,  0.0070,  0.5834,  0.6993,
          -0.7915,  0.2889, -0.3342]],

        [[-0.5904, -0.5118, -1.9774, -0.3659,  0.3183,  1.4190,  1.8379,
          -0.6908, -0.0110, -1.1172],
         [-1.1850,  0.7390,  0.1688, -0.4688,  0.7939,  0.1423,  0.7036,
           0.3843,  0.6772, -0.4086]]], grad_fn=<AddBackward0>), tensor([[[-0.4577, -1.1594, -0.1460, -0.7722,  0.1457, -0.8834, -0.4434,
           0.6274,  1.4416,  0.9804],
         [-0.3944,  0.1951, -0.5596, -0.5366, -0.5850, -0.2814, -0.5963,
           0.4808, -0.6017,  0.1140]],

        [[-0.2341,  1.4546, -0.0380, -1.4034, -1.2483, -0.4518, -0.1948,
          -0.2420,  2.8992, -0.3046],
         [ 0.2519,  0.2797,  0.5378, -0.0439,  0.2931, -0.1452,  0.5952,
           0.6817,  0.0422, -0.8757]],

        [[ 0.8023, -0.2788, -0.7988, -0.4810, -1.6476,  0.0070, -0.8771,
          -0.1450,  1.4877,  0.9647],
         [ 1.6806,  1.0221, -0.7280,  0.2765,  0.4648,  0.2882,  1.0263,
           0.5106,  3.1273, -1.0542]]], grad_fn=<AddBackward0>)])
XI SHAPE: torch.Size([2, 1])
Result:  torch.Size([2, 3])
